19016787
19032802
19014043
19018604
19032660
19032989
19033002
19017261
15074959
19016406
19016089
19016677
19033055
19017150
19032797
19033043
19018177
19032596
19032784
19016462
19032807
19034112
19017621
19033761
19033242
19017483
19033231
19033228
5029435
19032706
14017589
14004433
19016414
19032786
19016820
19017904
19032783
15074612
15075245
19016060
19019092
19015651
15074838
19032700
15074719
19017360
19033740
19018134
19015652
19017351
19017354
19032602
507113
19032586
19033871
19016794
19015394
19017353
19015656
19015779
19034211
19015771
19018884
19015784
19018370
19015774
19019181
19016006
19019172
19015576
19015785
19032986
19032462
15066286
19017613
19016084
19034029
19017615
19033837
19017520
19033537
19033679
19033536
19016593
19033959
19033860
19018859
19034223
19033531
19032383
19015490
19017616
13089425
19018360
18054656
19034245
19033673
19033984
507090
19033678
19033127
19017365
19034040
19033834
19017355
19018667
19015446
19034039
19018143
19016315
19017362
19016808
19016804
19018283
19016991
19033842
19034133
19017361
19034027
19017352
14017470
19034031
19017051
19033824
19017357
19017363
19034026
19018833
19017349
19034024
19034023
19015406
19017348
19017367
19017471
19017476
19015582
15074680
19018227
19018241
15074848
19034108
19016668
19015538
19015534
19018171
19032835
19034009
19018242
14067024
19015439
19017118
19016158
19018638
19014270
19018377
19032789
19018374
19032647
13089561
19016140
19018830
19015654
19018847
19014035
19014037
19018839
19014030
19014029
19032410
19033840
19033682
19032413
19016139
19016992
19033258
19033997
19032419
19017038
19018836
19017007
19032650
19016999
19032403
19014139
19016994
19014032
19017005
19019255
19032833
19017037
8023079
19018835
19032651
19017041
19032653
19018384
19015700
19017001
19015595
19016998
19016996
19033233
19018338
19015590
19016993
19015602
19033829
19015593
19016354
19016231
19033288
19016790
19016802
19016194
19033091
19017006
19034115
19034110
17107920
19033287
19015390
19032792
19032303
19032321
19033690
19032795
19015403
19015401
19018956
17013117
14061908
19095813
19096138
19017469
19032718
19032705
19032713
19032717
19032716
19016788
19032722
19032707
19032714
19032703
19032712
19032720
19017468
19032719
19032456
19033954
19018274
19018126
H 005927
19015387
19033626
11-024351
10008649
407546
05-214560
9017377
19017224
19018136
19016365
05-214447
19015508
19015523
19017119
19015527
19015510
19015526
19017121
19015518
19017114
19018504
19017110
19015767
19015964
19032846
19016844
19032855
19032874
19017216
19032856
19016356
19016352
19032865
19032444
19033749
19033492
19033485
19017221
19017227
19019223
19032468
19015359
19016456
19032391
19015360
19032465
19018229
19019217
19015353
19015354
19018231
19019227
19016458
19032384
19019212
19016463
19016448
19019208
110010396
19015352
19015371
19018865
19016453
19032389
19032400
19019216
19015358
19033608
19017260
19034234
19018245
19019221
19018802
19016455
19033748
H003775
19018239
19033323
19018994
19015962
19015957
19015949
19018142
19018113
19015954
19015963
19015967
19018141
19015960
19016773
19015955
19018131
19017209
19017124
19017211
19097157
19033332
19015952
19032867
19097143
19018147
19017544
19034113
19016665
19019262
19018123
19018140
19017541
19017529
19017532
19017539
19033729
19034122
19017542
19033727
19017546
19017537
19034118
19015368
19017547
19015370
19032379
19017538
19033730
19019263
14003248
19019254
19034107
19032866
19016685
19017267
19033726
19018117
19016597
19034121
19033738
19016679
19016605
19016686
19018109
19016598
19019252
19016590
19019266
19016655
19032365
19017254
19016595
19033294
19018658
19033737
19016603
19016589
19016588
19032372
19017262
19033739
19018146
19015898
15006040
19018428
19015891
19016654
19017265
19018655
19018430
19018442
19034128
19015904
19018650
19033943
19018433
19033125
19015905
19033490
19033314
1501046817
19017922
19017912
19017545
19017924
19017921
19017911
19017925
19017919
19017914
19017913
19017915
19017927
19017926
19017917
19017908
19017920
19018438
19017923
19016666
19016596
19017531
19018589
19032654
19016149
19033049
19016159
19015937
19018590
19018601
19018594
19018598
19018592
19018597
19018522
19032594
19018607
19018599
19033296
19018527
19018588
19018520
19059527
19018514
19033961
19032880
99999999
19018521
19017951
19016600
19016592
19015758
19033483
19032863
19033494
19016357
19016349
19017222
19018997
19032875
19016353
19018993
19033499
19032872
19016348
19033731
19032394
19018238
19033733
19033728
19033724
19018989
19033501
19033496
19016361
19018235
19033498
19033108
19017909
19018523
19016662
19017143
19018432
19016652
19018639
19018516
19018447
19019267
19019258
19019264
19019251
19018512
19019253
19019261
19015956
19018272
19033098
19015901
19033070
19033100
19033105
19015906
19018436
19018279
19018287
19018284
19033094
19033089
19033064
19018269
19019007
19018995
19016575
19033630
19033295
15060213
907557
19018476
19017253
15060229
17108450
19033301
19034216
19017263
15059511
19017266
19015376
19033297
19015385
19097148
19033036
19032907
19015366
19033038
19016199
19015363
19033039
19033032
19016423
19016413
19033042
19015356
19016193
19032908
19015362
19032345
19032357
19032344
19033026
19032917
19015364
19032915
19015349
19032921
19015357
19032920
19016417
19032343
19032905
19032909
19015350
19016198
19016202
19032347
19033029
19016201
19032914
19032916
19032348
19032910
19032346
14003879
Hm20994
19032919
19016578
05-214307
19016984
19016068
19016968
19016980
19016985
19032912
19016982
19016973
19016987
19016074
19016070
19032922
19033694
19016073
19016986
19016085
19032918
19016977
19016970
19016974
19016076
19032903
19033306
19016079
19016080
19016971
19032913
19016087
19016077
16030318
15060153
15075072
19016078
19019257
19033299
19016082
19034142
19016146
19017705
17107926
19017698
19018446
19017701
19034058
19017691
19018437
19033087
19017696
19017688
19017695
19033093
19017693
19017704
19018273
19033879
15059956
19033073
19016571
19017702
19017703
19017706
15074489
19032902
19034004
19033972
19015934
19017939
19033114
19033175
19018806
19033117
19033063
19033068
19033082
19033284
19015699
19017583
19033106
19033078
19018277
19033119
19033300
19033065
19018799
19033121
19033104
19018271
19033116
19015543
19033120
19018801
19033076
19015517
19097152
19017250
05-214297
19017259
1500407317
19017256
H004199
19018232
19018654
19018804
17108680
19018800
19018642
19033110
19018281
19018798
19017255
19015383
19016568
15064556
19033622
19033605
19016978
19017197
15059608
15074859
19017188
19017200
19033118
1500320317
19032612
19018866
19018332
19032606
19017192
19015381
19017204
19016584
19032868
19017190
19017196
19017195
19032617
19017194
19017248
19032613
19017189
19017207
19017206
19017952
19032453
19033777
19018788
19017961
19016069
19018803
19018793
19033766
19033782
19017964
19033774
19032396
19033095
19033769
19016071
19017967
19033035
19018105
15074956
19033034
19033779
19033025
19017949
19017959
19033998
19033407
19017957
19017963
110010150
19033770
19017955
19016083
19016582
110010803
19019091
19018088
19017966
19033767
19033409
19032603
19033780
19034002
19033771
17107954
19019004
19018094
19017965
19032607
19018286
19017958
19017960
19033415
19016569
19033028
19033024
19033772
19018098
19017950
19033037
19018103
19032618
19033996
19018093
19033778
19033413
19032622
19034262
19018268
19033023
19032611
19033775
19033987
19033421
19016577
19033765
17107968
17107967
19032616
19033420
19032621
19018090
19018100
19033768
19018097
19034251
19033040
19033781
19033414
906915
19033417
19017954
19018107
19018091
19033404
19018092
19033408
19033410
19032605
19034279
19034276
19034266
19034256
19034202
19034201
19034197
19034192
19034191
19034190
19034189
19034188
19034187
19034185
19034184
19034183
19033810
19033807
19033676
19033669
19033663
19033619
19033616
19033606
19032782
19032778
19032777
19032776
19032775
19032773
19032771
19032766
19032765
19032764
19018626
19018625
19018623
19018619
19018617
19018616
19018390
19017527
19017526
19017525
19017523
19017521
19017519
19017518
19017517
19017516
19017515
19017514
19017513
19017512
19017510
19017509
19017508
19017425
19017422
19017421
19017419
19017411
19017408
19017407
19017406
19017405
19017404
19017403
19017402
19017401
19017399
19017397
19017396
19017395
19017394
19017393
19017392
19017391
19017390
19017389
19017388
19017167
19017157
19017154
19017151
19017148
19016527
19015396
H009155
190033139
19034217
19034182
19034181
19034180
19034179
19034178
19034177
19034176
19034175
19034174
19034173
19034172
19034171
19034170
19034169
19034167
19034166
19034165
19034164
19034163
19033898
19033896
19033895
19033890
19033889
19033883
19033719
19033692
19033685
19033602
19033601
19033600
19033599
19033598
19033597
19033596
19033595
19033594
19033593
19033592
19033591
19033590
19033588
19033587
19033586
19033585
19033583
19033162
19033160
19033158
19033157
19033156
19033155
19033154
19033153
19033152
19033150
19033148
19033146
19033145
19033144
19033084
19033079
19032961
19032960
19032958
19032955
19032953
19032952
19032951
19032950
19032948
19032946
19032945
19032944
19032943
19032779
19032774
19032772
19032769
19032768
19032767
19032763
19032682
19032681
19032680
19032679
19032678
19032674
19032672
19032671
19032669
19032668
19032667
19032666
19032665
19032614
19032466
19032402
19032302
19032286
19019345
19019344
19019093
19018767
19018766
19018765
19018764
19018763
19018762
19018760
19018759
19018758
19018757
19018756
19018755
19018754
19018753
19018750
19018749
19018748
19018701
19018637
19018618
19018611
19018347
19018344
19018336
19018333
19018330
19017554
19017398
19017165
19017164
19017162
19017161
19017147
19017138
19017137
19017085
19017082
19017081
19017075
19017070
19017069
19016995
1501046717
19034042
19034037
19034035
19034033
19032461
19032446
19032445
19019086
19019077
19018627
19018624
19018622
19018400
19018399
19018398
19018397
19017166
19017159
19017155
19017153
19017152
19016245
19016243
19016242
19016239
19016235
19016228
19015887
19015881
19015880
19015879
05-214214
05-213806
110014527
110013472
110012652
110011768
110011763
19034282
19034280
19034278
19034277
19034275
19034273
19034272
19034271
19034270
19034269
19034267
19034264
19034263
19034200
19034199
19034198
19034196
19034195
19034194
19034193
19034186
19034102
19034100
19034099
19034098
19034097
19034096
19034095
19034094
19034093
19034092
19034091
19034090
19034089
19034088
19034087
19034086
19034085
19034084
19034083
19033893
19033821
19033818
19033817
19033816
19033815
19033814
19033813
19033811
19033809
19033806
19033804
19033803
19033757
19033722
19033721
19033720
19033718
19033717
19033716
19033715
19033713
19033712
19033711
19033710
19033709
19033707
19033706
19033705
19033704
19033703
19033664
19033582
19033581
19033579
19033577
19033576
19033575
19033572
19033571
19033570
19033569
19033567
19033565
19033564
19033563
19033521
19033520
19033518
19033515
19033514
19033512
19033507
19033504
19033503
19033339
19033321
19033316
19033310
19033222
19033220
19033218
19033217
19033216
19033214
19033212
19033211
19033209
19033207
19033194
19033159
19033151
19033149
19033143
19032962
19032959
19032957
19032956
19032949
19032781
19032742
19032740
19032739
19032735
19032733
19032723
19032542
19032541
19032540
19032539
19032538
19032537
19032536
19032535
19032534
19032533
19032531
19032529
19032527
19032525
19032524
19032523
19032416
19032415
19032414
19032412
19032411
19032409
19032408
19032407
19032405
19032404
19032298
19032296
19032295
19032294
19032293
19032292
19032291
19032290
19032289
19032288
19032287
19032285
19032284
19019347
19019346
19019343
19019342
19019341
19019340
19019339
19019338
19019337
19019336
19019335
19019334
19019333
19019332
19019331
19019330
19019329
19019328
19019087
19019084
19019083
19019080
19019079
19019076
19019069
19019068
19019027
19019026
19019025
19019024
19019023
19019022
19019021
19019019
19019018
19019017
19019016
19019015
19019014
19019013
19019012
19019011
19019010
19019009
19019008
19019006
19018621
19018620
19018615
19018614
19018613
19018609
19018608
19018602
19018497
19018406
19018405
19018403
19018396
19018395
19018392
19018207
19018206
19018205
19018204
19018203
19018202
19018200
19018199
19018198
19018197
19018196
19018195
19018194
19018193
19018192
19018191
19018190
19018189
19018188
19017987
19017985
19017984
19017982
19017978
19017977
19017975
19017973
19017971
19017969
19017934
19017907
19017902
19017895
19017893
19017891
19017888
19017867
19017866
19017865
19017864
19017863
19017862
19017861
19017860
19017859
19017857
19017856
19017854
19017853
19017851
19017850
19017849
19017848
19017506
19017505
19017503
19017502
19017501
19017500
19017498
19017497
19017496
19017494
19017493
19017492
19017491
19017490
19017489
19017426
19017424
19017418
19017413
19017400
19017386
19017372
19017371
19017369
19017140
19017135
19017134
19017132
19017131
19017129
19017128
19017116
19017112
19017064
19017063
19017062
19017054
19016867
19016866
19016865
19016864
19016863
19016862
19016861
19016860
19016859
19016858
19016857
19016856
19016855
19016854
19016853
19016852
19016850
19016849
19016848
19016523
19016521
19016519
19016518
19016517
19016516
19016515
19016513
19016512
19016510
19016508
19016197
19016195
19016062
19016061
19016057
19016056
19016054
19016051
19016029
19015766
19015765
19015764
19015763
19015762
19015761
19015760
19015759
19015757
19015756
19015755
19015754
19015753
19015752
19015751
19015750
19015749
19015748
19015633
19015429
19015379
19015375
19015373
15074678
14067544
14003550
14003290
14002668
14002662
14002656
14002610
11064282
19034260
19034151
19034136
19033691
19033666
19033293
19033022
19032879
19019070
19018508
19018108
19017146
19017032
19016900
19016437
19016434
19016192
19016143
19016130
19015849
19015703
19097155
19033755
11024889
19019198
19018345
19017286
19034111
19033249
19033192
19033187
19032977
19032972
19032760
19032759
19032758
19032756
19032755
19032754
19032753
19032752
19032750
19032749
19032748
19032746
19017807
19017806
19017805
19017804
19017803
19017802
19017800
19017799
19017797
19017794
19017792
19017791
19017790
19017789
19017788
19016131
1106720
19034212
19019301
19018135
19018018
19018016
19018012
19018009
19017145
19017144
19017141
19017136
19017133
19034247
19019103
19019102
19019099
19019096
19018973
19018700
19018640
19017558
19017552
19017550
19017427
19017417
19017416
19017409
19016696
17180214
17180206
17180205
15074484
19034168
19033351
19032562
19032561
19032560
19032559
19032558
19032557
19032556
19032555
19032554
19032553
19032552
19032551
19032550
19032548
19032547
19032546
19032545
19032544
19032543
19032374
19032369
19032368
19018988
19018987
19018984
19018981
19018980
19018969
19018968
19018858
19018495
19018487
19018484
19018482
19018475
19018451
19018339
19018335
19018329
19018266
19018265
19018264
19018263
19018261
19018260
19018259
19018258
19018257
19018255
19018253
19018251
19018249
19018248
19018026
19018025
19018024
19018022
19018020
19018019
19018017
19018015
19018014
19018013
19018011
19018010
19017979
19017287
19017283
19017280
19017279
19017277
19017276
19017275
19017274
19017273
19017272
19017270
19017269
19017268
19017039
19016827
19016824
19016823
19016815
19016811
19016809
19016573
19015859
19015747
19015667
19015657
19015514
19015372
14067056
14063633
19034119
19034117
19034116
19034103
19033198
19033196
19033193
19033191
19033190
19033189
19033185
19033183
19032970
19032382
19032378
19032375
19032366
19018979
19018977
19018975
19018971
19018970
19018503
19018502
19018501
19018499
19018493
19018488
19017899
19016781
19016777
19016775
19016485
19016481
19016479
19016469
19015653
19015649
19034258
19033863
19033200
19033199
19033197
19018021
05-214519
05-214513
19034062
19033457
19033378
19033357
19019204
19018474
19016445
19016438
19016432
19015990
19015744
19015741
19015733
13089481
19094995
19094424
19058067
19034061
19034055
19034054
19034052
19034048
19034047
19034046
19034045
19034044
19033876
19033875
19033874
19033865
19033262
19033261
19033260
19033259
19033257
19033252
19033251
19033250
19033248
19033247
19033246
19033245
19033244
19033243
19032901
19032895
19032893
19032891
19032502
19032501
19032500
19032499
19032498
19032496
19032495
19032494
19032493
19032492
19032491
19032490
19032489
19032487
19032486
19032485
19032484
19032483
19018964
19018903
19018900
19018897
19016901
19016703
19016407
19016404
19016403
19016402
19016401
19016400
19016399
19016398
19016397
19016396
19016395
19016394
19016393
19016392
19016390
19016389
19016388
19016387
19016386
19016385
19016384
19016383
19016382
19016381
19016380
19016379
19016378
19016377
19016376
19016375
19016374
19016373
19016372
19016371
19016370
19016369
19016368
19015857
19032683
19019190
H004048
19033443
19032522
19032519
19019186
19018887
19018873
19018844
19018118
19018115
19016699
19016165
19016161
19016160
19016157
19016154
19016151
19016144
19015947
19015946
19015942
19015939
19015938
19015936
19015931
H000151
110009118
110008467
110000421
19095476
19095118
19060705
19033797
19033759
19033004
19032474
17083721
17013776
17013501
16013845
16013050
15074910
15060217
15036380
15036366
15036364
15002300
15002293
15001639
14004058
807183
Jkw123
05-214550
19095371
19060679
19060233
19056078
19055720
19033864
19033336
19032310
19018837
19018704
19018703
19018267
19016324
19015867
19015850
19015691
17176399
17132349
17108407
17108391
16032404
15074662
15036436
15002291
15001359
14062297
13089594
13089563
13089513
9033346
2111
110012453
110011995
19033460
19033456
19033451
19033450
19033000
19032997
19032996
19032993
19032992
19032990
19032988
19032984
19032376
19032373
19032370
19032364
19032299
19017645
19017635
19017633
19017630
19017443
19017433
19017432
19016920
19016526
19016524
19016522
19016514
19016511
19016431
19015987
19015986
19015985
19015984
19015983
19015982
19015981
19015980
19015979
19015978
19015977
19015976
19015975
19015974
19015973
19015972
19015971
19015969
19015968
19015706
19015701
19015563
19015560
19015491
19013143
19033808
19033459
19033454
19033452
19033448
19033444
19032371
19019297
19017910
19017690
19017586
19017579
19017578
19017576
19017571
19017569
19017429
19016926
19016925
19016923
19016922
19016921
19016919
19016918
19016917
19016916
19016915
19016914
19016913
19016912
19016911
19016910
19016909
19016908
19015558
19015557
19015505
19015497
110000097
19034134
19034131
19032890
19032841
19032840
19032839
19032836
19032824
19019305
19019304
19019303
19019302
19019296
19019293
19019291
19019289
19019127
19019125
19019124
19019122
19019121
19019119
19019118
19019116
19019114
19019113
19019111
19019110
19019109
19018506
19018494
19018492
19016800
19016792
19016789
19016167
19015513
19015502
18057315
9033411
19034218
19034132
19034125
19033060
19032838
19032830
19032827
19032521
19032520
19032518
19032516
19032515
19032513
19032510
19032509
19032504
19019205
19018860
19016807
19016801
19016791
19016599
19016166
19016164
19032636
19032514
19032508
19032506
19032505
19032503
19016476
19016475
19015943
19018385
19018223
19018221
19018219
19018217
19018216
19017577
110004437
19096176
19095297
19018496
19017599
19017597
19017596
19017592
19017591
19017590
19017589
19017385
19017384
19017383
19017381
19017378
19017370
19016484
19016483
19016478
19015858
15074905
14004239
13089433
1089160
806899
806892
19019300
19019120
19032842
19032837
19032457
19018454
19017440
19015494
807128
19097156
19034030
19032440
19018629
19018368
19018220
19018212
19018211
19015848
19034064
19032924
19018505
19018498
19018464
19017127
19017115
19017111
19016797
19016156
19015945
19015932
19015930
19015928
19015503
19015496
19033362
19033359
19033356
19033352
19033350
19033349
19033347
19033346
19033344
19032834
19018275
19018139
19018130
19018111
19017699
19017646
19017644
19017631
19017628
19017447
19017436
19017428
19016142
19015854
19015567
19015566
19015564
19015559
19015554
19015551
19015507
19015380
17180002
52770
19063722
19034082
19034081
19034079
19034074
19034071
19034070
19034069
19034068
19034063
19033050
19019182
19019170
19018883
19018881
19018880
19018876
19017257
19016153
19016150
19015852
11025018
14017787
15060231
15074479
17108252
17108264
17179965
17180009
17180013
17180281
17180296
17180307
17180345
19015399
19016300
19016693
19016695
19017210
19017374
19017475
19017482
19018128
19018173
19018176
19018180
19018184
19018210
19018222
19018462
19018807
19018849
19018854
19018861
19018862
19032464
19032471
19032728
19032736
19032843
19032848
19032851
19032852
19032857
19032861
19032862
19033109
19033269
19033318
19033322
19033627
19033637
19033638
19033745
19033750
19033754
19033925
19033955
19033971
19033978
19034227
110008329
15002295
15074645
15075061
H003557
9016027
9017445
11026431
11026459
17180109
17180117
17180180
19015400
19015690
19016100
19016310
19016312
19016316
19016319
19016323
19016326
19016327
19016988
19017156
19017445
19017535
19017940
19033166
19033168
19033180
19033272
19033384
19033386
19033387
19033388
19033634
19033744
19033851
19033908
19033916
19033920
19033922
05-214557
Pm11025745
15059516
19018341
19018343
19032306
19033747
19018691
19032443
19032459
19033305
17180293
19032417
42119516
19015853
19033930
52008605
94A592366
19016705
19033697
19016452
19014277
16031767
19056390
19034158
19034146
19033800
19033798
19033702
19033698
19033653
19033645
19033642
19033641
19033341
19033181
19033173
19033170
19033167
19033164
19033020
19033016
19033015
19033009
19033008
19033003
19032936
19032637
19032634
19032633
19032632
19032631
19032626
19032623
19032451
19017933
19017931
19017379
19016444
19016441
19016440
19016436
19016435
19016433
19016430
19016317
19016247
19016067
19015885
19015393
19095643
19094910
19056454
18057268
14004439
14003978
14003325
1090787
19096659
19096076
19095625
19056134
19014039
19013878
19013480
19034265
19033861
19018902
19016702
19016311
89114209
19063752
19018635
19017620
19017249
19015597
19015592
18055809
15074711
607194
19033629
19033021
19017016
17180169
11059882
110012606
19034060
19034019
19033880
19033878
19033786
19033783
19033762
19033758
19033756
19033391
19033340
19032941
19032940
19032939
19032741
19032738
19032737
19032730
19032729
19032727
19032600
19032581
19032319
19032307
19032305
19019299
19018962
19018958
19017377
19016639
19016162
19015869
19013885
19013192
18057719
15059925
11025838
19033179
19033012
19017641
19017632
19017444
19017431
19017375
19016658
19015589
15059502
607197
607187
09-016658
110012000
19057932
19033370
19033355
19033348
19033307
19033018
19033011
19033006
19033005
19032639
19032638
19032591
19032454
19014074
19013189
19033862
19033857
19033019
19018845
19017035
19015864
19015481
18077465
15074952
110002301
19017637
19015506
19057939
19057938
19057931
19034209
19033940
19033924
19018843
19018838
19018470
19017036
19016817
19016486
19016482
19016480
19016474
19016136
19015565
110002309
19096089
19094060
19094042
19063744
19060666
19034221
19034160
19034147
19033999
19033990
19033946
19033926
19033911
19033725
19033607
19033462
19033418
19033253
19033128
19032853
19032844
19032828
19032664
19032640
19032463
19019215
19019209
19018982
19018647
19018636
19018634
19018633
19018480
19018478
19018334
19018270
19017117
19017047
19017043
19017034
19016927
19016825
19016799
19016793
19016646
19016642
19016637
19016633
19016428
19016360
19016137
19015940
19015929
19015863
19015402
19014109
19012813
19011705
18085742
14003445
19061242
19059698
19034203
19034073
19033992
19033791
19033102
19033099
19033097
19033086
19033083
19032860
19032593
19032592
19032590
19032589
19032585
19032584
19032583
19032479
19032311
19019075
19019020
19018905
19018853
19018852
19018596
19018507
19018491
19018224
19017123
19017019
19017018
19017017
19017014
19017009
19016983
19016798
19016645
19016636
19016314
19016138
19015865
19015860
19015695
19015555
19015480
19015442
19015436
19013197
19013191
16034106
607193
607141
607134
19063691
19033923
19015536
19015532
19012108
19011701
18077457
19096599
19033172
19033169
19033014
19032316
19032314
19032313
19017896
19017894
15006052
1412757
14017467
15059525
15059957
17179956
19015728
19015729
19015730
19015731
19015732
19015735
19015736
19015739
19015742
19015745
19015746
19016408
19016410
19016415
19016421
19016422
19016424
19016425
19016649
19016660
19016671
19016683
19017214
19018648
19018649
19018652
19018656
19018659
19018661
19018662
19018663
19018996
19019001
19032625
19032864
19032869
19032881
19033176
19034114
H 004748
19018664
19033129
19033130
19033134
19033136
19033140
19033142
19033502
19034015
19015855
19032699
110010870
110000650
110000572
19017120
19016321
15074867
15074821
14004221
13089554
13089491
13089435
19034257
19033360
19032595
19015861
19015435
15075103
15064562
15060227
15059610
15001400
15001395
14061884
14061674
14018179
14017594
14017457
14003911
12039167
707608
19016141
19016098
707176
707174
H002620
H002605
110002913
19033723
19019073
19019002
19017045
19016641
19016631
19016091
15059504
14003786
707171
707177
707168
110000436
19034162
19034161
19034153
19034148
19034145
19033856
19033849
19033846
19033796
19033646
19033636
19032900
19018901
19018460
19017892
19016629
19016059
19016052
19015878
19015862
19015486
19015397
15074972
15074909
15074827
15074720
15036379
14003949
14003240
14002513
13126864
13089498
707203
707202
707179
707169
8036
Hn7218836
H003119
09-016129
07-465496
05-214586
05-213902
19034220
19034059
19034056
19033760
19033753
19033689
19033683
19033519
19033517
19033516
19033513
19033509
19033506
19033361
19032899
19032898
19032894
19032887
19032883
19019206
19019203
19019193
19019192
19019188
19018215
19017889
19017012
19016796
19016583
19016107
19016095
15064564
14017472
11026374
11026208
707555
H001956
19032788
19032390
19018519
19018450
19017380
19016888
15059674
14061670
14048190
14004132
12039170
9015689
11-024220
10-15-00055
110008211
110002311
19034141
19034051
19034014
19034008
19033358
19032999
19032825
19018998
19016442
19016429
19016097
19016093
19016092
15074674
11030479
19034157
19016783
19016780
19016779
19016778
19016776
19016774
19016772
19016771
19016770
19015647
19015646
19015645
19015644
19015643
19015642
19015641
19015640
19015639
19015638
19015637
19015636
19015635
19015634
19015632
19015631
19015630
19015629
19015628
11-0013801
10-009003
19018848
19018342
19016325
19016105
19014073
15074819
15074722
15074485
14003876
707167
1008798
15074870
15059682
15035541
15034607
15034605
15034604
19032701
19032695
19032687
19019199
19019194
19017046
19016094
14004283
8025677
19033855
19033573
19033092
19032694
19032628
19016088
19016004
11025994
206857
206860
1089111
11038245
11066735
13089515
14003208
14004091
14004240
14017460
14017469
19011196
19013880
19015389
19015404
19015405
19015468
19015470
19015471
19015473
19015474
19015475
19015476
19015477
19015478
19015482
19015484
19015485
19015487
19015688
19015693
19015694
19015698
19015704
19015705
19015871
19015873
19015874
19015877
19015884
19015886
19015988
19015989
19015991
19015992
19015993
19015994
19015995
19015996
19015997
19015998
19015999
19016003
19016005
19016007
19016104
19016106
19016133
19016163
19016232
19016234
19016236
19016238
19016241
19016246
19016309
19016322
19016591
19016594
19016604
19016607
19016651
19016661
19016663
19016690
19016700
19016701
19016786
19016795
19016829
19016830
19016831
19016832
19016834
19016836
19016837
19016838
19016839
19016841
19016842
19016843
19016845
19016846
19016847
19016889
19016890
19016891
19016893
19016894
19016895
19016896
19016897
19016898
19016899
19016902
19016903
19016904
19016905
19016906
19017048
19017049
19017050
19017053
19017056
19017060
19017065
19017066
19017068
19017074
19017076
19017083
19017084
19017086
19017373
19017382
19017387
19017593
19017598
19017601
19017828
19017829
19017830
19017831
19017832
19017833
19017834
19017835
19017836
19017837
19017838
19017839
19017840
19017841
19017842
19017843
19017846
19017847
19017897
19017898
19017900
19017903
19017905
19017906
19017929
19017932
19017935
19017937
19017938
19017941
19017942
19017944
19017946
19017947
19017962
19018250
19018252
19018349
19018350
19018353
19018354
19018357
19018359
19018361
19018362
19018364
19018365
19018366
19018367
19018510
19018631
19018645
19018688
19018690
19018694
19018695
19018698
19018699
19018705
19018706
19018707
19018828
19018834
19018841
19018842
19018870
19018872
19018875
19018878
19018879
19018882
19018886
19018888
19018890
19018891
19018893
19018894
19018896
19018899
19018904
19018948
19018949
19018950
19018952
19018954
19018955
19018957
19018960
19018961
19018963
19018966
19018967
19019005
19019071
19019074
19019081
19019085
19019095
19019101
19019107
19019195
19019265
19019290
19019292
19019295
19019306
19032304
19032309
19032318
19032320
19032323
19032324
19032325
19032326
19032327
19032331
19032332
19032335
19032336
19032337
19032338
19032339
19032340
19032341
19032342
19032423
19032424
19032425
19032426
19032427
19032428
19032429
19032430
19032431
19032432
19032433
19032434
19032435
19032436
19032437
19032438
19032439
19032441
19032442
19032476
19032477
19032478
19032481
19032563
19032564
19032565
19032567
19032568
19032570
19032571
19032573
19032575
19032577
19032578
19032579
19032580
19032582
19032629
19032696
19032724
19032731
19032732
19032734
19032845
19032886
19032889
19032904
19032923
19032925
19032926
19032928
19032929
19032930
19032931
19032932
19032933
19032934
19032935
19032938
19032963
19032964
19032965
19032966
19032967
19032968
19032969
19032971
19032973
19032974
19032975
19032976
19032978
19032979
19032980
19032981
19032982
19033133
19033256
19033263
19033264
19033265
19033267
19033268
19033270
19033271
19033273
19033274
19033275
19033276
19033278
19033279
19033280
19033281
19033282
19033312
19033325
19033330
19033331
19033334
19033337
19033338
19033342
19033343
19033353
19033363
19033364
19033365
19033366
19033367
19033368
19033369
19033371
19033372
19033373
19033374
19033375
19033376
19033377
19033379
19033380
19033381
19033382
19033383
19033385
19033389
19033393
19033394
19033395
19033396
19033398
19033399
19033400
19033402
19033423
19033424
19033425
19033426
19033427
19033430
19033431
19033434
19033435
19033436
19033437
19033438
19033441
19033442
19033574
19033643
19033644
19033647
19033648
19033649
19033650
19033651
19033652
19033654
19033655
19033656
19033658
19033659
19033662
19033681
19033752
19033802
19033843
19033845
19033847
19033854
19033858
19033859
19033882
19033932
19033963
19033964
19033965
19033966
19033967
19033969
19033970
19033973
19033974
19033976
19033977
19033979
19033980
19033981
19033982
19033989
19034011
19034018
19034050
19034144
19034150
19034152
19034154
19034155
19034159
19034224
19034225
19034226
19034228
19034229
19034231
19034232
19034235
19034236
19034237
19034238
19034239
19034240
19034241
19034242
19097153
190034143
190232998
1501287217
05-213802
05-213868
05-213871
06-264011
09-015686
09-016569
94A600238
H042708
X63